Dataset	Nós	Limiar	algoritmo	tempo execução	taxa aproximação atingida	custo caminho atingido	Espaço (MB) usado	CPU (%)	RAM (%)	Disco (%)
a15	15	50	twice_around_the_tree	0.5543379783630371	1.616918896833451	225.84594484167252	81.11343383789062	76.3	72.6	49.3
eil51	51	426	twice_around_the_tree	0.12369036674499512	1.5044629646129124	640.9012229251007	0.617645263671875	95.7	72.6	49.3
berlin52	52	7542	twice_around_the_tree	0.0876624584197998	1.3412907047879643	10116.014495510826	0.42531681060791016	51.0	72.6	49.3
st70	70	675	twice_around_the_tree	0.1320953369140625	1.293854052847015	873.3514856717352	0.7832422256469727	53.5	72.6	49.3
eil76	76	538	twice_around_the_tree	0.14680695533752441	1.3144113752066555	707.1533198611806	0.8366985321044922	73.9	72.5	49.3
pr76	76	108159	twice_around_the_tree	0.13146328926086426	1.3437449907251222	145338.11445183848	0.83453369140625	59.2	72.1	49.3
rat99	99	1211	twice_around_the_tree	0.23082995414733887	1.4229769158966652	1723.2250451508614	1.7120037078857422	60.9	72.1	49.3
rd100	100	7910	twice_around_the_tree	0.24460673332214355	1.3643054128888372	10791.655815950702	1.7369756698608398	67.4	72.0	49.3
kroE100	100	22068	twice_around_the_tree	0.24784469604492188	1.3824279067801102	30507.419046823474	1.8743934631347656	59.6	71.9	49.3
kroD100	100	21294	twice_around_the_tree	0.21354460716247559	1.2732833962819095	27113.29664042698	1.7419795989990234	57.4	71.8	49.3
kroC100	100	20749	twice_around_the_tree	0.21523308753967285	1.3478500825944204	27966.54136375163	1.7108535766601562	60.0	71.8	49.3
kroB100	100	22141	twice_around_the_tree	0.2333219051361084	1.1689264212856523	25881.199893685625	1.743368148803711	57.8	71.6	49.3
kroA100	100	21282	twice_around_the_tree	0.25313305854797363	1.2786241767322784	27211.67972921635	1.748861312866211	58.3	71.8	49.3
eil101	101	629	twice_around_the_tree	0.2981574535369873	1.320416864157215	830.5422075548881	1.74371337890625	96.0	71.8	49.3
lin105	105	14379	twice_around_the_tree	0.19961762428283691	1.3560337150576274	19498.408788813624	1.8743648529052734	31.9	72.0	49.3
pr107	107	44303	twice_around_the_tree	0.24259328842163086	1.2242520057728703	54238.03661175547	1.973078727722168	69.0	72.1	49.3
pr124	124	59030	twice_around_the_tree	0.28475284576416016	1.2559877968538857	74140.95964828487	2.5605621337890625	42.6	72.4	49.3
bier127	127	118282	twice_around_the_tree	0.5052361488342285	1.341181296893765	158637.60615918832	2.6781234741210938	92.9	72.0	49.3
ch130	130	6110	twice_around_the_tree	0.4528181552886963	1.3304021736711864	8128.757281130948	2.7953567504882812	58.8	72.1	49.3
pr136	136	96772	twice_around_the_tree	0.3682382106781006	1.5698109163978895	151913.74200165656	3.0400238037109375	56.5	72.1	49.3
pr144	144	58537	twice_around_the_tree	1.9664654731750488	1.3768440481741249	80596.32004796875	3.408379554748535	75.75	72.45	49.3
ch150	150	6528	twice_around_the_tree	0.4107491970062256	1.2765735554670907	8333.472170089168	3.6565933227539062	46.2	72.5	49.3
kroA150	150	26524	twice_around_the_tree	0.46158480644226074	1.3241806213640215	35122.56680105931	3.724842071533203	30.4	72.5	49.3
kroB150	150	26130	twice_around_the_tree	0.4201669692993164	1.3836484477729756	36154.73394030785	3.728726387023926	32.1	72.3	49.3
pr152	152	73682	twice_around_the_tree	0.4095323085784912	1.1943038188622066	87998.6939814051	3.7482452392578125	31.0	72.0	49.3
u159	159	42080	twice_around_the_tree	0.46503686904907227	1.3732883652612995	57787.974410195486	4.112997055053711	32.0	72.0	49.3
rat195	195	2323	twice_around_the_tree	0.6769452095031738	1.428206307385696	3317.723252056972	6.897993087768555	20.65	72.0	49.3
d198	198	15780	twice_around_the_tree	0.7827088832855225	1.217898165675931	19218.43305436619	7.138287544250488	29.25	72.0	49.3
kroB200	200	29437	twice_around_the_tree	0.7351717948913574	1.3829860338688	40710.95987899587	7.193603515625	35.55	72.0	49.3
kroA200	200	29368	twice_around_the_tree	0.8161091804504395	1.363077715581317	40030.86635119212	7.193777084350586	38.45	72.0	49.3
ts225	225	126643	twice_around_the_tree	1.074568271636963	1.48456449728238	188009.70162933244	8.878820419311523	55.6	72.0	49.3
tsp225	225	3919	twice_around_the_tree	1.9567139148712158	1.305417856923817	5115.932581284439	8.922011375427246	33.349999999999994	71.95	49.3
pr226	226	80369	twice_around_the_tree	1.2117893695831299	1.4519547800169565	116692.15371518278	8.949138641357422	69.25	72.0	49.3
gil262	262	2378	twice_around_the_tree	1.31886625289917	1.4121758522953278	3358.1541767582894	11.702123641967773	43.45	72.0	49.3
pr264	264	49135	twice_around_the_tree	1.3255972862243652	1.3527392235541527	66466.8417493333	11.860511779785156	40.9	72.06666666666666	49.29999999999999
a280	280	2579	twice_around_the_tree	3.7226834297180176	1.4074138445557347	3629.7203051092397	13.205692291259766	98.06666666666666	72.23333333333333	49.300000000000004
pr299	299	48191	twice_around_the_tree	7.526934623718262	1.341454518891923	64646.03471992065	14.893817901611328	96.42857142857143	71.57142857142857	49.300000000000004
lin318	318	42029	twice_around_the_tree	3.3378312587738037	1.3834600375230452	58145.441917056065	16.666290283203125	81.28333333333333	70.68333333333332	49.300000000000004
linhp318	318	41345	twice_around_the_tree	4.087754011154175	1.406347609555111	58145.441917056065	16.66921615600586	87.91428571428571	70.7	49.300000000000004
rd400	400	15281	twice_around_the_tree	8.615484952926636	1.3251997084151985	20250.376744292647	29.105552673339844	89.22999999999999	71.99000000000001	49.3
fl417	417	11861	twice_around_the_tree	6.7083740234375	1.3740135435791194	16297.174640391935	31.18632698059082	86.70909090909092	71.39090909090909	49.3
pr439	439	107217	twice_around_the_tree	5.716197490692139	1.34889204023657	144624.15787804432	34.214637756347656	60.442857142857136	73.47142857142858	49.300000000000004
pcb442	442	50778	twice_around_the_tree	5.4237220287323	1.3660424299142642	69364.90250618651	34.61384582519531	76.47777777777779	73.61111111111113	49.3
d493	493	35002	twice_around_the_tree	7.155080080032349	1.297842661763193	45427.08884703529	42.09452438354492	68.13333333333333	73.34444444444443	49.3
u574	574	36905	twice_around_the_tree	9.921439170837402	1.3299865042196892	49083.15193822763	55.47846603393555	70.44285714285714	73.12142857142855	49.29999999999999
rat575	575	6773	twice_around_the_tree	9.20448613166809	1.3936119051174758	9438.933433360664	55.64904022216797	55.508333333333326	72.88333333333334	49.29999999999999
p654	654	34643	twice_around_the_tree	20.640085697174072	1.4355539480460753	49731.89542216019	70.3845100402832	93.14999999999999	74.15714285714284	49.29999999999999
d657	657	48912	twice_around_the_tree	13.298173904418945	1.3438459621443237	65730.19370040316	70.95741653442383	66.39411764705882	72.84117647058824	49.3
u724	724	41910	twice_around_the_tree	12.286786556243896	1.3786606512269666	57779.66789292217	97.76103591918945	32.699999999999996	73.03333333333332	49.29999999999998
rat783	783	8806	twice_around_the_tree	13.946353912353516	1.3688908876607937	12054.453156740949	112.05866050720215	32.07894736842106	72.89473684210526	49.29999999999999
pr1002	1002	259045	twice_around_the_tree	21.622762441635132	1.321177642478497	342244.46239584225	173.41107559204102	32.044444444444444	72.85555555555557	49.29999999999999
u1060	1060	224094	twice_around_the_tree	24.61077117919922	1.3517312661960685	302914.8663669418	191.92388534545898	31.83548387096774	73.55161290322582	49.29999999999998
vm1084	1084	239297	twice_around_the_tree	26.357271671295166	1.3174772301748483	315268.3487491507	200.33845138549805	37.508823529411764	72.03529411764706	49.3
pcb1173	1173	56892	twice_around_the_tree	30.00514030456543	1.418387345544943	80694.8928627429	230.79211044311523	33.0108108108108	74.37837837837836	49.29999999999999
d1291	1291	50801	twice_around_the_tree	38.501983642578125	1.4696225922723294	74658.29731002661	274.4868965148926	31.319999999999993	75.05333333333333	49.30000000000001
rl1304	1304	252948	twice_around_the_tree	40.559085845947266	1.3749172570706139	347782.57034149766	281.4481363296509	36.62916666666666	74.53125	49.300000000000004
rl1323	1323	270199	twice_around_the_tree	41.43096685409546	1.4079311455787364	380421.587604229	287.5837059020996	31.739583333333332	74.46458333333334	49.300000000000004
nrw1379	1379	56638	twice_around_the_tree	46.8006751537323	1.397582278070714	79156.2650653691	359.26828384399414	37.43396226415094	73.67169811320754	49.30000000000002
fl1400	1400	20127	twice_around_the_tree	44.541903257369995	1.3869689212101481	27915.52347719665	368.5388069152832	37.50188679245283	74.36981132075472	49.30000000000002
u1432	1432	152970	twice_around_the_tree	47.90955471992493	1.4017832290508725	214430.78054791197	382.87826919555664	40.343859649122805	75.40701754385965	49.300000000000004
fl1577	1577	[22204,22249]	twice_around_the_tree	55.22263836860657	1.4061924278046138	31223.096666973648	453.3167839050293	36.242424242424235	77.52878787878788	49.30000000000001
d1655	1655	62128	twice_around_the_tree	99.0750367641449	1.3791056917466216	85681.0784168341	493.9591178894043	65.45096153846154	82.06346153846152	49.3
vm1748	1748	336556	twice_around_the_tree	81.34393668174744	1.3212025099607339	444658.6319423448	544.2211818695068	51.91075268817206	84.51827956989248	49.30000000000002
u1817	1817	57201	twice_around_the_tree	100.65698504447937	1.459791887806316	83501.55577440909	581.9957122802734	55.46698113207546	86.30094339622643	49.300000000000004
rl1889	1889	316536	twice_around_the_tree	101.7506902217865	1.4210436985784265	449811.48817322083	624.2429342269897	56.18738738738739	85.51171171171171	49.30000000000001
d2103	2103	[79952,80450]	twice_around_the_tree	123.61743450164795	1.5576079598249652	124533.87160392563	757.2170372009277	54.01086956521739	86.43695652173913	49.30000000000001
u2152	2152	64253	twice_around_the_tree	150.61208391189575	1.4797163686512498	95076.21583494876	788.5015296936035	64.67701149425287	86.5787356321839	49.30000000000001
u2319	2319	234256	twice_around_the_tree	175.12213134765625	1.3683015206772815	320532.84102777723	902.3167095184326	57.0252808988764	86.75842696629213	49.30000000000001
pr2392	2392	378032	twice_around_the_tree	190.31894302368164	1.3838323394299639	523132.9069393881	955.9339179992676	60.9923076923077	88.38942307692308	49.3
pcb3038	3038	137694	twice_around_the_tree							
fl3795	3795	[28723,28772]	twice_around_the_tree							
fnl4461	4461	182566	twice_around_the_tree							
rl5915	5915	[565040,565530]	twice_around_the_tree							
rl5934	5934	[554070,556045]	twice_around_the_tree							
rl11849	11849	[920847,923368]	twice_around_the_tree							
usa13509	13509	[19947008,19982889]	twice_around_the_tree							
brd14051	14051	[468942,469445]	twice_around_the_tree							
d15112	15112	[1564590,1573152]	twice_around_the_tree							
d18512	18512	[644650,645488]	twice_around_the_tree							
