Dataset	Nós	Limiar	algoritmo	tempo execução	taxa aproximação atingida	custo caminho atingido	Espaço (MB) usado	CPU (%)	RAM (%)	Disco (%)
a15	15	50	christofides	0.0420730113983154314.4274467585221915	221.3723379261096	0.10201549530029297	56.1	55.9	49.2
eil51	51	426	christofides	0.30599236488342285	1.128026040502257	480.53909325396154	0.554779052734375	69.0	55.7	49.2
berlin52	52	7542	christofides	0.29700613021850586	1.1354819505887925	8563.804871340673	0.4865264892578125	60.9	55.6	49.2
st70	70	675	christofides	0.796940803527832	1.1320089440122467	764.1060372082666	0.8369808197021484	60.4	55.7	49.2
eil76	76	538	christofides	1.523026943206787	1.153658552752454	620.6683013808204	0.9113616943359375	94.7	55.833333333333336	49.20000000000001
pr76	76	108159	christofides	0.419816255569458	1.0788148433877394	116683.53464597449	0.8886795043945312	54.2	55.9	49.2
rat99	99	1211	christofides	1.2085521221160889	1.1291758701259091	1367.431978722476	1.6801223754882812	85.5	56.0	49.2
rd100	100	7910	christofides	2.6718432903289795	1.125852393317651	8905.492431142618	1.7111358642578125	59.94000000000001	55.879999999999995	49.2
kroE100	100	22068	christofides	2.010500192642212	1.0793532101793029	23819.166642236854	1.7101821899414062	65.925	55.9	49.2
kroD100	100	21294	christofides	1.2233247756958008	1.1170635239813973	23786.750679659875	1.7104110717773438	55.2	55.9	49.2
kroC100	100	20749	christofides	1.2464230060577393	1.0967028245779895	22755.486907168703	1.7103958129882812	45.05	55.9	49.2
kroB100	100	22141	christofides	0.8803858757019043	1.084377148378703	24009.194442252865	1.710174560546875	67.0	56.0	49.2
kroA100	100	21282	christofides	1.3501319885253906	1.0944922778117776	23292.98465639025	1.7104873657226562	39.733333333333334	55.79999999999999	49.20000000000001
eil101	101	629	christofides	1.816575050354004	1.1519184118961743	724.5566810826937	1.7739667892456055	41.86666666666667	55.96666666666667	49.20000000000001
lin105	105	14379	christofides	1.1600382328033447	1.1468550336305054	16490.628528573037	1.8751049041748047	42.05	55.9	49.2
pr107	107	44303	christofides	1.352393388748169	1.0813927442401763	47908.94274807253	2.0958404541015625	59.85	55.9	49.2
pr124	124	59030	christofides	0.7165968418121338	1.0955046191615423	64667.63766910584	2.5608367919921875	33.8	55.9	49.2
bier127	127	118282	christofides	3.237720012664795	1.127144336640161	133320.88642647152	2.6746139526367188	37.86	55.879999999999995	49.2
ch130	130	6110	christofides	1.763875961303711	1.1190705898299793	6837.521303861174	2.7919692993164062	39.5	55.96666666666667	49.20000000000001
pr136	136	96772	christofides	0.6963846683502197	1.072344400423912	103772.91231782282	3.0401535034179688	97.7	55.95	49.2
pr144	144	58537	christofides	0.6475589275360107	1.2062729788425255	70611.60136250491	3.3843917846679688	35.4	55.9	49.2
ch150	150	6528	christofides	1.9981696605682373	1.0973350223499123	7163.4030259002275	3.6575469970703125	37.333333333333336	55.76666666666667	49.20000000000001
kroA150	150	26524	christofides	5.687112092971802	1.1068027389714161	29356.835848477844	3.6575241088867188	65.3111111111111	58.21111111111111	49.2
kroB150	150	26130	christofides	5.198130369186401	1.1417053812372089	29832.76161172827	3.6570510864257812	52.800000000000004	60.0625	49.2
pr152	152	73682	christofides	0.992833137512207	1.0752569451717289	79227.08223414332	3.750263214111328	35.0	58.8	49.2
u159	159	42080	christofides	2.7809321880340576	1.1143447677446916	46891.627826696626	4.080680847167969	34.14	58.06	49.2
rat195	195	2323	christofides	5.007143020629883	1.144678981355286	2659.0892736883293	6.864753723144531	40.625	57.625	49.2
d198	198	15780	christofides	7.233629465103149	1.0973616248732347	17316.366440499645	7.0675048828125	58.78181818181818	57.790909090909096	49.2
kroB200	200	29437	christofides	11.733252763748169	1.1143470794280734	32803.034977124196	7.1950836181640625	58.599999999999994	58.699999999999996	49.20000000000001
kroA200	200	29368	christofides	10.763187646865845	1.1234548762882552	32993.62280683348	7.192226409912109	43.78125	58.38125	49.2
ts225	225	126643	christofides	1.5188803672790527	1.0524242979303513	133282.1703627935	8.875715255737305	61.46666666666667	58.199999999999996	49.20000000000001
tsp225	225	3919	christofides	10.579094648361206	1.1128075828616117	4361.092917234657	8.88201904296875	55.525	58.206250000000004	49.2
pr226	226	80369	christofides	5.879564523696899	1.1489866842607086	92342.91082734888	8.946203231811523	53.08888888888889	58.599999999999994	49.211111111111116
gil262	262	2378	christofides	21.827112436294556	1.1303723688758105	2688.0254931866775	11.673583984375	45.38787878787878	58.24848484848484	49.3
pr264	264	49135	christofides	5.192946434020996	1.1097430871218537	54527.22658573228	11.858802795410156	57.4125	57.7	49.3
a280	280	2579	christofides	15.84281325340271	1.1516351007991432	2970.0669249609905	13.207927703857422	44.9625	57.49583333333334	49.29999999999999
pr299	299	48191	christofides	22.16551637649536	1.0997805632834305	52999.5251251918	14.885757446289062	37.991176470588236	57.88235294117647	49.3
lin318	318	42029	christofides	21.41563320159912	1.129329052824647	47464.57076116709	16.664169311523438	31.65757575757576	57.17575757575757	49.3
linhp318	318	41345	christofides	27.42714285850525	1.1480123536380962	47464.57076116709	16.802230834960938	33.988095238095234	55.69523809523809	49.3
rd400	400	15281	christofides	95.02461099624634	1.1355412972907708	17352.20656390027	29.06399917602539	35.74421768707483	56.348979591836745	49.30000000000001
fl417	417	11861	christofides	42.61703586578369	1.129293018653796	13394.544494252674	31.18346405029297	54.0796875	59.3109375	49.300000000000004
pr439	439	107217	christofides	41.412869691848755	1.1226105320841524	120362.93341846658	34.2092170715332	53.142857142857146	59.88888888888889	49.300000000000026
pcb442	442	50778	christofides	74.71112370491028	1.0806200518976194	54871.72499525732	34.783541679382324	45.71339285714286	57.10267857142857	49.3
d493	493	35002	christofides	135.02674317359924	1.094723093944023	38317.49773422869	42.08768081665039	49.76188118811882	58.22623762376238	49.300000000000004
u574	574	36905	christofides	227.61819982528687	1.114874970502594	41144.46078639823	55.46754837036133	64.7	64.15919540229885	49.300000000000004
rat575	575	6773	christofides	251.08578515052795	1.1565064955358002	7833.018494263975	55.64219284057617	53.57936507936508	60.536507936507945	49.300000000000004
p654	654	34643	christofides	34.170180320739746	1.1347458832930766	39311.00163492205	70.50537490844727	59.60576923076923	59.350000000000016	49.30000000000002
d657	657	48912	christofides	345.99418091773987	1.1212208577039584	54841.15459201601	70.94818496704102	54.29306358381503	59.68169556840078	49.3
u724	724	41910	christofides	145.3194603919983	1.151319952191041	48251.819196326534	109.76937770843506	56.107582938388624	61.778199052132695	49.29999999999997
rat783	783	8806	christofides	204.55045413970947	1.1434827656427624	10069.509234250167	125.96426391601562	56.548821548821548	62.59023569023569	49.29999999999998
pr1002	1002	259045	christofides	307.3333349227905	1.1056920486506865	286423.9967427171	196.3132610321045	56.45990990990991	55.66216216216216	49.29999999999995
u1060	1060	224094	christofides	471.10723423957825	1.1106621147594768	248892.71594491022	217.51612854003906	57.380058651026393	59.324780058651026	49.29999999999998
vm1084	1084	239297	christofides	217.74700450897217	1.093823439406958	261748.66757976683	227.0422019958496	57.3770700636942665	52.005414012738854	49.29999999999998
pcb1173	1173	56892	christofides	392.7048225402832	1.1142387698455622	63391.27209405373	262.2439079284668	56.45079086115993	59.561862917398948	49.29999999999997
d1291	1291	50801	christofides	100.89192318916321	1.1256333682506048	57183.30074049898	312.5717658996582	56.130769230769231	60.431468531468536	49.29999999999998
rl1304	1304	252948	christofides	106.02900290489197	1.0969350130312086	277467.5176762181	319.10636138916016	56.08	60.82199999999999	49.29999999999998
rl1323	1323	270199	christofides	108.11368322372437	1.0996541205158143	297125.4437092525	327.5232734680176	56.742857142857144	60.920129870129863	49.29999999999998
nrw1379	1379	56638	christofides	1384.6986935138702	1.1261539717569566	63783.108652370516	402.7473335266113	56.144655344655344	58.681968031968033	49.29999999999997
fl1400	1400	20127	christofides	1364.6305334568024	1.1350359149472764	22844.867860143833	413.3260383605957	56.110040567951319	58.67423935091278	49.29999999999997
u1432	1432	152970	christofides	409.9489223957062	1.124891106979736	172074.59263469023	429.7066307067871	56.186271186440678	58.8477966101695	49.29999999999997
fl1577	1577	[22204,22249]	christofides	313.3344941139221	1.1045935473018667	24526.395124290648	507.3246021270752	56.099107142857142	59.853125000000002	49.29999999999997
d1655	1655	62128	christofides	567.0843780040741	1.133714760855117	70435.43066240671	556.5123863220215	56.147361963190184	50.647361963190182	49.29999999999997
vm1748	1748	336556	christofides	812.1860456466675	1.1190422664690356	376620.3890337527	613.9495506286621	56.081522668947818	52.26595380667237	49.29999999999998
u1817	1817	57201	christofides	626.3554918766022	1.1713470325038287	67002.2216062515	657.2209281921387	56.064587973273942	52.89576837416481	49.29999999999995
rl1889	1889	316536	christofides	331.9807665348053	1.0927251735488823	345886.855534469	705.655590057373	56.109168443496801	53.86183368869936	49.29999999999997
d2103	2103	[79952,80450]	christofides	64.06377148628235	1.0564308866818668	84463.7622519886	856.3279228210449	56.00632911392405	56.468354430379726	49.3
u2152	2152	64253	christofides	951.0920007228851	1.1473366615161407	73719.82251239658	894.0596046447754	56.1142542248346805	56.94643644379132	49.29999999999998
u2319	2319	234256	christofides							
pr2392	2392	378032	christofides							
pcb3038	3038	137694	christofides							
fl3795	3795	[28723,28772]	christofides							
fnl4461	4461	182566	christofides							
rl5915	5915	[565040,565530]	christofides							
rl5934	5934	[554070,556045]	christofides							
rl11849	11849	[920847,923368]	christofides							
usa13509	13509	[19947008,19982889]	christofides							
brd14051	14051	[468942,469445]	christofides							
d15112	15112	[1564590,1573152]	christofides							
d18512	18512	[644650,645488]	christofides							